###MJD          m      dm   uJy   duJy F err chi/N     RA       Dec        x        y     maj  min   phi  apfit mag5sig Sky   Obs
59130.249341 -18.617  0.081  -130   10 c  0   1.08 276.37128  -6.08161  8988.43  3593.26 2.46 2.29 -67.7 -0.440 19.54 21.19 02a59130o0117c
59130.252555 -18.610  0.102  -131   13 c  0   0.81 276.37128  -6.08161  8969.23  3554.37 2.55 2.38 -64.0 -0.434 19.52 21.19 02a59130o0124c
59130.258554 -18.769  0.117  -113   13 c  0   0.86 276.37128  -6.08161  9028.29  3631.67 2.61 2.42 -64.3 -0.431 19.48 21.19 02a59130o0137c
59130.270081 -18.516  0.088  -142   13 c  0   0.77 276.37128  -6.08161  9049.26  3513.12 2.62 2.47 -63.1 -0.430 19.48 21.19 02a59130o0162c
59132.222173 -16.472  0.032  -936   30 o  0   1.67 276.37128  -6.08161  3758.86  2508.90 1.98 1.83  13.2 -0.427 18.14 19.08 01a59132o0043o
59132.225035 -16.213  0.269 -1188  320 o  0   0.66 276.37128  -6.08161  3778.69  2547.61 2.08 1.87   7.7 -0.430 16.88 17.83 01a59132o0049o
59132.231227 -15.991  0.160 -1457  232 o  0   1.10 276.37128  -6.08161  3720.72  2470.50 2.00 1.77   4.6 -0.458 16.48 17.35 01a59132o0062o
59132.242211 -16.354  0.048 -1043   50 o  0   1.33 276.37128  -6.08161  3701.93  2587.81 2.09 1.85   0.9 -0.484 18.00 18.94 01a59132o0085o
59136.259283 -16.627  0.003  -811    2 o  0  58.34 276.37128  -6.08161  1821.14  2628.71 2.04 1.93  -3.1 -0.436 19.09 20.19 01a59136o0377o
59136.268957 -16.446  0.011  -958   10 o  0   2.05 276.37128  -6.08161  1778.98  2588.00 2.62 2.51  42.1 -0.386 18.96 20.13 01a59136o0398o
59136.280468 -16.446  0.017  -959   16 o  0   1.35 276.37128  -6.08161  1758.13  2704.02 3.01 2.78  16.3 -0.433 18.92 20.02 01a59136o0423o
59138.258710 -18.613  0.106  -130   14 c  0   0.94 276.37128  -6.08161  4931.96 10103.91 2.52 2.36 -60.1 -0.426 19.49 20.96 02a59138o0147c
59138.262377 -18.313  0.075  -172   13 c  0   1.35 276.37128  -6.08161  4911.71 10064.29 2.57 2.36 -54.9 -0.426 19.52 20.96 02a59138o0155c
59138.268786 -18.702  0.129  -120   16 c  0   0.86 276.37128  -6.08161  4968.66 10142.62 2.54 2.31 -52.0 -0.431 19.46 20.93 02a59138o0169c
59138.280260 -18.439  0.124  -153   19 c  0   0.81 276.37128  -6.08161  4989.54 10024.11 2.55 2.33 -50.3 -0.417 19.28 20.71 02a59138o0194c
59140.206241 -16.608  0.018  -826   15 o  0  10.64 276.37128  -6.08161  1810.84  2628.11 1.76 1.66  -0.2 -0.466 19.32 20.56 01a59140o0034o
59140.211767 -16.617  0.016  -819   13 o  0   7.97 276.37128  -6.08161  1831.60  2666.15 1.77 1.69   4.4 -0.462 19.29 20.59 01a59140o0046o
59140.214994 -16.758  0.020  -719   14 o  0  10.29 276.37128  -6.08161  1771.99  2588.45 1.70 1.68  34.3 -0.487 19.31 20.57 01a59140o0053o
59140.227897 -16.458  0.015  -948   14 o  0   4.78 276.37128  -6.08161  1754.18  2704.69 1.71 1.69  16.8 -0.478 19.27 20.54 01a59140o0081o
59142.205304 -18.487  0.154  -146   23 c  0   0.86 276.37128  -6.08161  4935.86 10102.50 2.63 2.38 -60.8 -0.431 19.19 20.30 02a59142o0037c
59142.208508 -18.537  0.125  -140   18 c  0   0.89 276.37128  -6.08161  4916.39 10063.13 2.60 2.35 -59.6 -0.425 19.30 20.55 02a59142o0044c
59142.213998 -18.548  0.108  -138   15 c  0   0.91 276.37128  -6.08161  4975.29 10141.62 2.61 2.37 -64.7 -0.426 19.37 20.68 02a59142o0056c
59142.226817 -18.290  0.073  -176   13 c  0   1.27 276.37128  -6.08161  4995.76 10024.47 2.58 2.41 -57.7 -0.425 19.37 20.68 02a59142o0084c
59144.202577 -16.501  0.023  -911   21 o  0   2.75 276.37128  -6.08161  3211.73  8719.47 1.95 1.71   2.0 -0.462 19.14 19.71 01a59144o0014o
59144.205797 -16.473  0.017  -935   16 o  0   3.22 276.37128  -6.08161  3232.01  8759.70 1.79 1.64   9.5 -0.490 19.20 19.79 01a59144o0021o
59144.211319 -16.360  0.017 -1038   18 o  0   2.04 276.37128  -6.08161  3174.15  8683.62 1.86 1.80   2.9 -0.477 18.98 19.59 01a59144o0033o
59144.223833 -16.049  0.600 -1382  829 o  0   1.06 276.37128  -6.08161  3152.07  8798.79 1.74 1.65  88.3 -0.475 15.47 15.33 01a59144o0060o
59146.240724 -16.404  0.020  -996   20 o  0   1.78 276.37128  -6.08161  6672.31  6116.58 2.43 1.90  42.6 -0.535 19.02 19.67 02a59146o0121o
59146.243940 -16.374  0.020 -1024   20 o  0   1.97 276.37128  -6.08161  6652.97  6077.82 2.51 1.88  43.4 -0.532 18.83 19.62 02a59146o0128o
59146.249435 -16.204  0.019 -1198   23 o  0   1.51 276.37128  -6.08161  6709.70  6156.39 2.53 1.90  44.2 -0.520 18.93 19.59 02a59146o0140o
59146.260438 -16.250  0.024 -1148   27 o  0   1.21 276.37128  -6.08161  6728.78  6039.81 2.59 1.92  43.1 -0.502 18.85 19.49 02a59146o0164o
59154.215666 -16.342  0.027 -1055   29 o  0   1.22 276.37128  -6.08161  2800.37  6303.04 2.24 1.86  41.7 -0.500 18.57 18.88 02a59154o0067o
59154.219324 -16.341  0.029 -1056   31 o  0   1.50 276.37128  -6.08161  2780.54  6264.35 2.24 1.89  43.4 -0.503 18.50 18.84 02a59154o0075o
59154.225279 -16.244  0.023 -1154   26 o  0   2.23 276.37128  -6.08161  2838.52  6342.13 2.25 1.81  41.9 -0.521 18.50 18.79 02a59154o0088o
59154.239538 -16.374  0.033 -1025   33 o  0   0.98 276.37128  -6.08161  2858.85  6225.52 2.30 1.88  42.0 -0.500 18.39 18.64 02a59154o0119o
59160.204729 -16.342  0.040 -1054   43 o  0   0.75 276.37128  -6.08161  9975.90   708.86 2.50 2.22 -16.1 -0.387 18.40 19.22 01a59160o0049o
59160.207950 -16.149  0.047 -1261   60 o  0   1.12 276.37128  -6.08161  9994.94   748.22 2.44 2.19 -26.4 -0.375 18.84 19.57 01a59160o0056o
59160.213939 -16.372  0.230 -1026  236 o  0   1.29 276.37128  -6.08161  9935.49   671.75 2.35 2.09 -25.8 -0.422 18.03 18.84 01a59160o0069o
59160.224088 -15.690  0.330 -1923  634 o  0   0.70 276.37128  -6.08161  9912.63   793.20 2.25 2.05 -43.8 -0.419 16.31 17.25 01a59160o0091o
